$ANSIBLE_VAULT;1.1;AES256
33656164323938643862346139376639373336343862356639666432616363396564656262326664
6466376536663662316138396662663461613262343265320a373766326235326238303330666333
38393866393833326234663964633561666465306266653263626334623366373264343539313964
3565633238383562350a623132663363393565613634353661643266323236373934376563336462
39306334643938643139653864316361646335393238376134343034323138386239666237653866
63376237353337316166326663333366636564323063306265363533666130303230646639346332
30613466653338366466653938633839333633323665663238373261333831396632323862343538
36366262323064343162336533336662343634623164323738323231333537363535626137303561
39613931663533333736376639393734303935376563343064333936396661653539623361373033
61666432353436656439366463366331343563313961353362663563396564303936356465356533
38353737656334333764616430376163333137323737333330613633343338343561333432366539
63623639313533633162323065336537343463663838386664653134323037656231346635306662
37303334373865316662666537376537656566663530633061363437346236353239306534643539
66643635393430333232336532313637306334376461333330663662653861353062663432666631
62333134356237646663353266376638633939306564346562326134383063383765633630633830
65623132303961333735303563626632393464626639303366306638313736316565663034386233
33623738363665653064613735656632326564353830373831643031646238346364323237663539
64633930646335306632333031356265333861353630373637386262663361316161393836396630
33396261653563356162373839643864326563656666396331643137333062343031643561356631
33656432343936616337646231653533663031306438636132353031383036326239666131653664
63343033323539633236346263376662396634366438643361393161363639313837666164656164
3539643264343934653632643637313631346136336463373334
